00000000100000000000000000000000
00000000100000000000000000000000
01001001111100111110010110000000
01111111011111111111111111111111
11000100100001001001001111001100
11000100101011110011011010110110
11000100101101000001111101001110
11000100101000100011111010000101
11000100111101100110111000010100
11000011100111100111010111000000
11000100001101101111000101011010
11000011011110000100000101101000
01000011001011001000000111100000
01000100001100011001100001011100
11000011011101101100001101100000
01000010100100101111000011101111
11000010101011100000100101010000
01000011010001111010110100101000
01000011101101010111010011101100
01000100011010110111010110010000
01000011011010101001001001100010
01000010010000110010001001011000
01000100011100001011000000111101
01000010011011010011110111010000
01000100101001010000011101110010
01000011100110101111101011000010
11000100011111001111011001101001
11000001111100110101000001001000
11000011111101001100101000100110
11000100001110111111000100000001
01000010101110001101110000010100
01000011010101100010010010011010
11000100110010011111010101000001
01000100010010001010011101111001
11000100011101110101110101001110
11000011110010000011100101101001
01000011101011001000110110010001
01000011101010000100000001000010
01000100100101101100100110000100
11000011010110110101100101110000
01000100100001001001011110100100
11000011100010111110100000000001
11000100000101001000001001001110
01000011101110101100010110000001
01000100001001100100111111000001
01000011011010001011000011011000
01000100011011111001111111100101
01000100100110010000000111100000
11000100011101100100111100010111
11000011000010010110011010001000
01000100110000101001001100001111
11000100101001110100101001011000
11000100000011101010100001001011
11000100101001011101011000110011
11000011100101001000000111111110
11000100101010010011011010100001
11000100000010011001111011001011
01000100110000100111100000100100
11000001101101010110101100000000
11000011010100111101010010011101
01000011101101011011001101010101
01000011100111100001000111111111
11000100000111110010100011110100
01000010111100110010001101001000
01000011000001100100100001100000
01000011100111011100011101001000
01000011101011111111011101110001
01000011111111100101000001111111
01000011000001001101111000100110
11000011110111101001010000111010
11000011011011000010100001100010
11000100000010111001000101101101
01000100011010001001100101001010
11000100110000011001111100010100
01000100110100111110010000011010
01000011111101001001000110000001
11000100001110110000001100011000
01000011110000011111111100000000
01000100000111000111001000110100
11000100110110010101000001000000
01000011111101101111110011011100
01000011010010101011101011110100
11000011001101000000000010001000
11000100001000011001000001100010
11000011111001001000100111000100
01000100011011100010110110010111
11000011011101111110010010000010
01000100001010011111010110000110
11000100000011111001001111111110
01000100100100010111111111001000
01000100110101111000111010100110
11000100100000111011101010100111
11000100011100100000011011100001
11000100000111001101001010100010
11000100100100110011110000010010
01000100011010101001011001111011
01000100100110100001110000001011
11000100001010010011011000011100
11000100101110011111101111101011
11000011011110110110011110000101
11000100001000001111000111111010
.
