1 00000000000000000000000000000000 00000000000000000000000000000000
0 01001001111100111110010110000000 10111111000000000000000000000000
0 01111111011111111111111111111111 10000000100000000000000000000000
0 11000100010010101111011111001100 11000011011110001011111100101101
0 11000100000001110001101111111001 11000100010101110101000101110100
0 11000100000001100000001110011110 11000100011000100011101011111101
0 11000011101110101100100011101110 11000100011001110001100010010011
0 11000100011101110000100100110001 11000100011101011101001011110111
0 01000011101000001010110011100100 11000100000111111001000101010010
0 01000011011100100010111001100001 11000100011100110111110011110010
0 01000011100110001110101110011110 11000100000010101000011000101001
0 11000100001010010011000101101111 01000100010101000101000111100111
0 11000010101001000100110001010000 01000100010001100010000111100110
0 01000100001011001110100110000110 11000100011010101001101001011110
0 01000011001010110010010110110001 11000010110000110101101001110011
0 01000100000111011111010000000010 11000100001100111011010100101100
0 01000010111101001101001101110000 01000010100110101000011011100001
0 11000100000001000110111110010010 01000100010111110010101000001000
0 01000010111011011010011000000100 01000100010011011100000011001111
0 11000011111010011010000011100001 01000100001011110111010100001001
0 01000011010101010111011011101110 11000011001001001010111001011000
0 01000100000101010100010010100000 01000011101101101101011100111010
0 01000011110000111111010100101000 11000011101001100100110101101110
0 01000100001001110101100001001000 01000100001000101011011010011101
0 11000011010100011000110011110000 01000100000000011110000010011101
0 11000011011001100101011010001101 11000100010000110110000011000110
0 11000011001110111110000010001111 01000011000111010111011010000110
0 11000100000111011110010010110010 01000011000011011111111001111011
0 11000011110110111110000100101101 11000011100111000000000011010101
0 01000011111010000100100110111100 11000011101110100001001010110111
0 01000010100101010100011010110001 01000011000010111000000101000001
0 11000100010100100100000011001011 11000100010000011010100110110111
0 01000100010011010000010110001011 11000001100010111100001001001110
0 11000100010100110001011010100001 11000011000100010001101010110100
0 01000010000111010000100000100011 11000011110110111101101001101101
0 01000100010100101100011001011000 11000011111110001111111100011111
0 01000100010101011011000001100011 11000100000000011001000001000010
0 01000100010011010001101011111101 01000011110000001111000000010101
0 11000100001011100110001110111100 01000011111011110001101011000000
0 01000011110010111010110111000101 01000100001000110101100001100110
0 01000010101100001000001100000001 11000011101110000000100011000001
0 11000011101001100011101100110000 11000011100000101100100101101101
0 11000011111101110111100011000111 01000100010110010001111100100100
0 11000011001101110100011011100101 01000100010101000010000101111010
0 01000010000010010101010110100011 01000011010001100101101101101111
0 10111110011011101110010111011011 01000100011011111010111011010011
0 01000100000110000111110101010010 01000100000110011000011001101110
0 11000100000100110110000001100101 11000011110001011101110101100100
0 11000100010001111011010010011001 01000100001001010101101011110111
0 01000100001101010110000001100111 01000100010011111100010110110111
0 11000100000011001111001111100000 11000100010000011010000011010000
0 11000011111100010101100111111111 11000010101011111101101001011100
0 11000011110101000100001100011111 11000100011000011000101011010110
0 11000011110100000001100011100000 01000010111011100101101110001010
0 11000011110010010001010110100011 11000100011011011110001001110001
0 01000011101101110100000101110010 11000100011001010011111110000100
0 01000100000110101010110010011000 01000100011010100100001110110000
0 01000100010000000100111010111011 11000100010001011111101000010011
0 01000011011110111011111110011101 11000011111001111100101000011101
0 01000011101111010010010110100100 11000001011011100100100111101010
0 01000011110011001001000100101000 11000010101110011111110010100101
0 11000100001010100010000111110001 01000010001011111000111111001111
0 01000011110011000000001010101111 11000011100011110011100111011101
0 11000100010010011000100010100100 01000100011010110001101010111100
0 11000011000001111010100101111010 01000011111000011001110000000101
0 01000100000100011101011111010100 11000011011001110111000001101110
0 11000011101011110011111000110001 01000100010101101100011101011000
0 11000011111111010110010101101011 01000100000111111110101000111111
0 11000100001010000101011100011000 01000011011001000011001111101011
0 01000011100100111010111011110111 11000100000001001110000110010100
0 11000010011111111100001011010010 11000011111101110010101001111111
0 01000100010010000010010010001010 01000011000000011101001100000010
0 11000100000010001101101101011010 11000100011110100110001011001111
0 01000100010100100001111101010110 01000100010101011010100011011101
0 11000011100111011111110000011101 01000100010010010100011011001111
0 11000011011011010011100110111110 11000011111111110110100101010001
0 01000100011100010011000010001110 11000100000100000011000100001110
0 01000011110111101010111110010110 01000011001101000110100110100011
0 11000100001100110010101110010001 11000100011111110111010011101110
0 01000011011011110100111101101001 01000011011111101010101001001111
0 11000100001001101001001100000100 01000100010110010100000111000001
0 01000011010000111111000011011110 11000011101110111111100010110011
0 11000011101110001000101001010101 11000011100010101001011001101111
0 01000011101111101111111111001000 11000100010100011100010011000110
0 01000100010101100010000010001010 01000010110000000110100001100111
0 11000100001010010101010111010000 01000011110101101011100101011111
0 01000011010001110101101001000101 01000011111100000011110111101010
0 01000011100101001011111001111001 11000100010110011111001100111010
0 01000011101110110110011010111000 01000100010001010100110000110011
0 01000100010101010110100111101111 01000100010110011011001101011100
0 11000010001110000111110111111000 11000100011110111110110101101111
0 11000100011110010110110000111011 01000001111011001010101101000110
0 11000011111100110010100110110000 11000011000011001111011100101010
0 11000100010011111001110100000100 11000011101011011011011001000000
0 01000001110001110000001111001101 01000100011001000101111001011101
0 01000011100000011100010000011011 01000100011100110101011000001001
0 11000100000000101100100010110011 11000011000110011011010110100110
0 11000100011111101110000000100000 11000011111010100010111101101100
0 11000010101110100001010111000110 11000011000111100101110010100010
0 01000011100000011111010001111111 11000100011000011110110000111001
. .                                .
